0.143
0.72825
1.92325
3.54625
2.24075
1.1995
1.81675
2.14975
2.4555
1.96625
1.41925
1.1155
0.8185
-0.124
-0.515
-0.7525001
-0.743
0.532
1.07475
1.75125
2.40125
2.86075
1.56525
0.54475
-0.097
-0.481
-0.572
0.12425
-0.1045
-0.16375
-0.3965
-0.376
-0.1485
0.55175
2.371
2.38875
0.89775
1.115
1.55825
2.70725
2.33525
1.5385
1.14075
0.42125
-0.1555
-0.49875
-0.8247501
-0.832
0.41775
0.92125
1.4295
2.8965
3.32825
1.97025
1.03475
0.00225
-1.02125
-1.80425
-1.628
0.46425
0.4795
0.4625
0.53325
1.24825
3.668
2.3525
2.18075
3.0475
2.44175
2.26625
1.5465
1.06225
0.9990001
-0.31675
-0.65825
-0.7830001
-0.67725
-0.464
-0.0325
1.95575
3.41325
3.41325
0.77
0.23775
-0.4655
-0.9762501
-1.07725
-1.032
-0.039
0.017
-0.14975
0.16175
1.17975
4.02275
3.73275
1.56925
3.767
0.8707501
1.4565
2.5725
0.99475
0.83175
0.3855
-0.2375
-0.46075
-0.57375
-0.531
-0.2805
0.11675
0.4835
1.70025
2.829
2.829
1.81825
1.0855
0.5185
0.131
-0.1615
-0.256
-0.20875
-0.051
-0.539
-0.549
-0.35425
0.086
1.2165
3.951
0.03575
1.117
3.3
3.42725
2.588
2.127
1.01775
0.68275
0.5325
0.375
0.19325
-0.0545
-0.4545
-0.7745
0.27575
1.20375
1.874
2.534
3.414
3.501
2.08375
1.09575
-0.38425
-0.79725
-0.9785001
-0.7835
-0.357
-0.281
-0.17425
0.62375
1.68
3.715
3.2965
1.2895
1.17225
3.37275
2.00625
2.00025
1.43
1.0485
0.95
0.2765
0.154
-0.1195
-0.4045
-0.56025
0.62275
1.09125
1.703
2.51225
3.72075
3.1525
0.76875
-0.02725
-0.6752501
-1.08625
-1.312
-0.8915001
-0.4375
-0.185
-0.00675
0.6715
3.31525
7.2735
2.64825
2.53825
2.68525
1.43475
0.737
-0.2985
-0.8850001
-1.29675
-1.22675
-0.59725
0.1105
2.0355
4.41875
5.95325
-1.53675
-2.1965
-2.10125
-2.08875
-0.8905001
-0.8997501
-0.05025
0.74575
0.80875
1.888
2.7485
3.2105
3.082
2.3485
0.94625
0.707
0.47475
0.23775
-0.501
-0.855
-0.41925
1.938
4.53625
3.32575
3.32575
-0.26625
-1.12275
-2.23975
-2.25225
-2.3225
-1.56375
-0.26575
4.6305
7.91275
2.36625
2.14625
2.76525
2.13925
0.88125
-0.18175
-0.34
-0.5477501
0.59025
1.44675
2.8875
4.521
1.69475
0.17875
-0.59525
-1.79625
-2.33525
-2.43375
0.43225
5.80975
8.08825
4.14575
1.29825
2.46525
2.2215
1.059
0.29575
-0.24975
-0.04225
0.5295
1.48475
2.519
4.61
3.46725
0.6415001
-0.56925
-1.78025
-2.2155
-2.077
0.00075
1.5735
5.1385
8.014
4.43525
1.15225
1.7215
2.28675
0.8200001
0.1475
-0.5455
0.199
0.7007501
1.52325
3.616
3.2475
1.03475
-0.64125
-1.6565
-1.5745
-2.001
-1.00175
0.03
1.17525
6.49375
8.05
1.633
1.96825
2.4635
2.4695
0.74375
-0.041
0.10025
0.2265
0.2235
0.42225
1.77025
4.326
2.8015
0.26175
-0.7225
-1.284
-1.263
-1.0005
-0.353
0.1185
2.0395
7.342751
6.889
1.76075
2.182
1.6525
-0.229
-0.05625
0.07825001
0.90025
0.99775
0.747
0.185
0.674
1.76
-1.14325
-3.13525
-3.687
-0.6620001
2.96375
7.8145
-0.70275
0.159
0.08875
-0.388
-1.11825
1.70175
1.78625
2.76875
2.0285
1.0905
0.0905
-0.94525
-2.1295
-2.5785
-0.055
3.87175
-0.994
-1.14475
-1.13025
-0.34875
0.3925
0.53
1.355
2.36525
2.091
1.32375
-0.23575
4.1075
8.004251
-1.381
-1.026
-0.1095
-0.26325
0.1675
0.8785
0.558
2.289
1.136
-2.28575
-3.316
-0.49975
6.07325
8.094501
2.629
-1.08275
-0.32825
0.22025
0.404
2.19025
2.13675
1.33375
-0.369
-2.462
-0.5305001
4.141
8.01175
4.13525
4.13525
-0.1025
0.9355
1.6155
2.06
1.59475
1.408
0.3225
-1.4635
-2.39875
-0.42525
-0.8015
0.73675
1.20325
1.5005
1.669
0.6105
-1.3945
0.51225
7.1225
0.0245
-0.8487501
-0.36775
-0.0605
1.5595
2.0495
2.0495
-1.6735
-0.06875
7.08575
7.99925
-0.6440001
-0.56575
-1.26825
0.63275
2.074
1.6245
-0.2545
-0.43475
4.5895
8.03825
2.49625
-0.55125
-1.84325
-0.46975
0.4865
1.67675
1.276
0.757
2.1285
4.71825
-1.415
-2.89475
-1.4545
-0.6357501
1.13575
3.1265
2.0085
2.0085
4.431
2.60725
-0.4855