0.148069299
0.802381527
1.652988993
3.697930279
1.874496302
0.717830394
1.788382158
2.839353961
3.137397539
2.452028249
0.820460582
1.037682218
0.833297151
0.594904728
-1.009834323
-0.217735615
-0.928792513
0.650966316
1.028818074
1.783995224
2.683564586
3.171501548
1.490785487
-0.038491441
-0.471768605
-0.008931338
-0.959045119
-0.199877845
0.289813211
-0.067309857
-0.852082513
-0.56789424
-0.156911108
0.726219259
3.063847626
2.047715714
0.961168508
1.504060458
1.508951624
2.442584164
2.418956783
1.717295049
1.119282768
0.333818149
-0.132075682
-0.338229574
-0.807979279
-0.833781047
0.359406256
0.852538583
0.991399419
2.552407417
2.757705961
2.602878499
1.0550966
-0.006123489
-0.540213223
-1.823669324
-0.904051686
-0.217683846
0.541742671
-0.054759197
1.032514463
1.226546024
4.220618016
3.200906492
1.979712568
2.91169232
2.164982264
2.598658847
1.488992684
0.910492871
1.072173038
-0.510904183
-1.170388145
-1.049197257
-1.276635469
-0.514080566
-0.140711811
1.792918965
3.433518111
2.58834276
0.681048756
0.043684852
-0.922196593
-0.340586498
-1.63757462
-0.430440593
-0.453467635
-0.292047784
0.567382453
-0.220539738
0.740233725
3.907783446
4.335560359
1.661073624
3.239847344
1.236048509
1.067706647
2.822231068
0.251172006
0.643058014
0.050649388
-0.279931515
-0.2865549
-0.32006972
-0.135148469
0.011134339
-0.324477688
0.846901486
0.82779994
2.300011166
2.692876308
2.544379968
1.243593834
-0.090995918
-0.235647783
-0.492104924
-0.547030008
-0.107461552
0.212083667
-1.340567634
-0.860649447
-0.885744622
0.527173366
1.559950306
4.427510514
0.489630497
1.46599462
3.251736167
4.037521168
3.157116198
1.884228503
0.50296387
0.691512342
0.498437775
0.356655666
0.024728427
0.097517915
-0.279694694
-1.32223432
-0.030654985
1.502394153
1.910595103
2.590641954
3.750527251
3.623085066
2.740081891
0.785625583
-0.480934291
-1.174681668
-0.901541785
-0.325490239
-1.127145575
-0.14438079
0.785863649
0.53215249
1.709365233
4.068140672
3.901952995
1.179925662
1.24141299
3.447821656
1.178497998
2.156261155
1.294289641
0.621808409
1.306303772
0.241949031
0.10667446
0.296960131
0.295877176
-0.086545835
0.948382874
1.193266355
1.717994966
3.053968919
4.165486747
3.297269903
1.462116248
0.559553494
-0.472188825
-1.319506292
-1.708859885
-1.349845327
-0.062679135
0.050810108
-0.491989343
0.218546463
3.961993291
6.450181951
3.008229831
2.854736768
2.127947523
1.960897348
1.341013467
-1.10675792
-0.477768028
-0.89854649
-1.264763952
-0.200499523
0.199799223
2.430105965
4.862507096
6.116871218
-1.530549754
-1.300846961
-2.170018924
-2.459584955
-1.392663441
-1.061366175
-0.612549416
1.267776585
0.57720438
1.236267067
2.42778223
2.661107805
2.957717273
2.793851558
0.748164831
0.533812466
0.542255825
0.496724421
-0.225914352
-1.552600996
-0.472406474
2.515071127
4.018086548
3.385821256
3.441537673
-0.528014033
-0.973237396
-2.00623343
-2.443444704
-2.15275116
-2.095036147
-0.365880918
4.726504465
7.578767487
2.587476356
2.629546323
2.758142284
1.503048925
-0.107816002
-0.230505429
-0.547304552
-0.71261427
0.25977967
1.458342409
2.839335179
4.822709084
1.22606398
0.226100601
-0.573120419
-1.607761615
-2.043349141
-2.570775013
0.911008403
6.25037649
7.864828844
4.166696915
1.543116875
2.470952854
2.195396023
1.570696158
-0.337456076
0.112325672
0.419776973
0.292108778
1.466687515
2.176877568
5.031147861
3.822726513
-0.0151021
-0.734612318
-2.160810195
-2.088574956
-1.853935869
-0.317879873
1.574170874
4.922774729
8.00570814
4.397396767
1.047900072
1.716570374
2.13582739
-0.058106028
0.316252049
-0.927548077
0.186174417
0.472693787
1.997742135
2.975137925
2.523864946
0.779117753
-0.25313112
-1.577994452
-1.203049809
-1.848401048
-0.60534869
-0.607393086
1.436271995
5.866929838
8.187048195
1.020882268
1.525970392
2.523688132
2.27057633
1.116067523
0.733500736
0.414948118
0.672403709
0.686371197
0.450081659
2.487943698
4.295774593
2.711409861
0.336485058
-1.428791306
-1.140055169
-1.83105707
-1.168558584
-0.04847214
-0.492297186
2.446482983
7.548093171
7.076192418
1.525617696
2.829861113
2.313689707
-0.159454877
-0.183495631
0.478422026
0.738558058
0.664270434
0.161386887
-0.302404442
-0.091308032
1.555912011
-0.751537639
-3.438876442
-3.348153239
-1.056642733
2.607544057
7.868022114
-1.105788676
-0.157630883
0.250484511
-0.319703976
-1.277572558
1.017537474
2.543328659
3.555922661
1.960041078
1.450154861
-0.361166446
-0.986201461
-2.591579278
-3.164739986
-0.722776725
3.775458305
-1.031494262
-1.18291022
-1.402361701
-0.451011258
1.26510904
0.738541598
1.661651697
1.777495947
1.734128226
1.961809924
-0.489473359
4.170289238
7.106746942
-1.709917102
-1.115988951
0.016842634
-0.802168291
0.61853114
0.742984836
0.887552043
1.935564644
0.641020481
-1.515311048
-3.498547227
-0.63554922
6.237493533
8.833506135
1.758401551
-0.92779802
-0.033601263
0.542594398
0.466351613
2.989581396
2.884853467
1.192027696
0.232689993
-2.445152394
-0.702674849
4.16344581
8.713150124
4.361083621
4.875352948
0.194844449
0.344294732
1.738833019
2.399982789
1.809585278
1.399672871
-0.067029638
-1.540731826
-1.725913321
-0.878335267
-0.667513911
0.647120724
0.866641893
1.085809903
0.93957862
0.339463781
-0.62796149
0.156385648
7.056507626
-0.150077534
-0.718125531
-0.117098176
-0.819575414
1.308241008
1.87998938
1.648135365
-1.072300162
0.687821773
7.331480891
7.572132688
-1.315325301
-0.217327007
-0.970008069
0.195689834
1.41201841
2.323669737
0.198784521
-0.692178796
4.514139696
7.657931384
2.612430182
-0.953999964
-2.094568785
-0.323922022
1.08502343
1.829611196
1.278166752
0.809195472
2.201379375
5.566708889
-1.634942324
-3.055237652
-0.968762339
-1.285343834
1.644051368
3.201291239
1.922173842
2.115180111
4.903367505
2.524734421
0.016711772